1
1124.47
30.518
2
1273.37
34.5594
3
1273.05
34.5506
4
1273.15
34.5533
5
1271.7
34.514
6
1270.83
34.4904
7
1270.76
34.4883
8
1270.97
34.4941
9
1270.26
34.4747
10
1270.59
34.4838
11
1268.28
34.421
12
1268.2
34.4189
13
1267.52
34.4005
14
1267.35
34.3959
15
1267.21
34.3922
16
1266.49
34.3724
17
1264.46
34.3176
18
1263.96
34.3038
19
1263.2
34.2833
20
1262.18
34.2556
21
1261.2
34.229
22
1260.45
34.2085
23
1260.04
34.1975
24
1259.84
34.1921
25
1258.45
34.1542
26
1257.35
34.1245
27
1256.07
34.0898
28
1256.05
34.0891
29
1255.31
34.0691
30
1254.68
34.0521
31
1253.92
34.0315
32
1251.81
33.974
33
1252.27
33.9866
34
1250.71
33.9444
35
1251.09
33.9546
36
1250.24
33.9316
37
1248.94
33.8962
38
1248.93
33.896
39
1247.46
33.8562
40
1247.33
33.8525
41
1246.01
33.8167
42
1245.33
33.7984
43
1244.19
33.7674
44
1243.05
33.7363
45
1242.86
33.7311
46
1241.96
33.7069
47
1241.4
33.6917
48
1239.9
33.6509
49
1239.17
33.631
50
1239.18
33.6312
51
1239.08
33.6285
52
1237.98
33.5989
53
1235.87
33.5414
54
1235.22
33.5239
55
1235.58
33.5337
56
1233.82
33.4858
57
1233.1
33.4662
58
1232.13
33.44
59
1231.49
33.4225
60
1232.85
33.4595
61
1232.22
33.4424
62
1230.25
33.389
63
1229
33.355
64
1227.49
33.3141
65
1227.12
33.3039
66
1226.53
33.2881
67
1225.96
33.2725
68
1224.86
33.2427
69
1224.61
33.236
70
1222.67
33.1833
71
1223.25
33.199
72
1222.01
33.1653
73
1220.71
33.13
74
1219.06
33.0853
75
1219.25
33.0904
76
1218.33
33.0655
77
1220.93
33.1359
78
1219.68
33.102
79
1218.72
33.0761
80
1216.81
33.0243
81
1216.27
33.0095
82
1216.39
33.0128
83
1217.13
33.0329
84
1217.5
33.0429
85
1214.95
32.9737
86
1214.87
32.9715
87
1214.76
32.9686
88
1215.3
32.9833
89
1215.21
32.9808
90
1214.4
32.9589
91
1214.27
32.9552
92
1214.35
32.9574
93
1214.26
32.955
94
1214.41
32.959
95
1214.15
32.952
96
1212.91
32.9182
97
1212.85
32.9168
98
1211.83
32.8889
99
1211.45
32.8787
100
1210.34
32.8486
101
1210.52
32.8536
102
1209.61
32.8289
103
1208.32
32.7938
104
1207.49
32.7714
105
1206.96
32.757
106
1205.29
32.7116
107
1205.03
32.7044
108
1203.93
32.6747
109
1203.85
32.6726
110
1203.25
32.6561
111
1202.15
32.6262
112
1200.99
32.595
113
1200.2
32.5733
114
1199.36
32.5506
115
1198
32.5137
116
1196.84
32.4822
117
1197.49
32.5
118
1196.32
32.4683
119
1195.43
32.4439
120
1195.35
32.4418
121
1194.98
32.4319
122
1193.94
32.4035
123
1194.64
32.4225
124
1193.26
32.3851
125
1193.64
32.3955
126
1192.04
32.352
127
1193.7
32.397
128
1192.83
32.3734
129
1193.13
32.3815
130
1193.1
32.3807
131
1192.01
32.3512
132
1191.43
32.3355
133
1191.55
32.3386
134
1191.06
32.3255
135
1188.91
32.2671
136
1188.36
32.2521
137
1188.91
32.267
138
1188.09
32.2448
139
1187.34
32.2244
140
1185.48
32.174
141
1184.89
32.1578
142
1186.75
32.2084
143
1186.36
32.1978
144
1184.29
32.1416
145
1183.28
32.1141
146
1182.12
32.0826
147
1182.63
32.0965
148
1181.87
32.076
149
1180.7
32.0443
150
1180.82
32.0475
151
1180.4
32.0361
152
1179.95
32.0239
153
1178.91
31.9955
154
1177.54
31.9584
155
1176.55
31.9315
156
1176.82
31.939
157
1176.13
31.9203
158
1176.66
31.9346
159
1175.18
31.8943
160
1174.31
31.8708
161
1172.01
31.8083
162
1171.23
31.7872
163
1170.9
31.7782
164
1172.05
31.8095
165
1170.42
31.7652
166
1076.82
29.2249
168
210.739
5.71944
171
85.7335
2.32681
172
1155
31.3467
173
1164.72
31.6105
174
1164.6
31.6072
175
1163.97
31.5902
176
1162.5
31.5504
177
1162.36
31.5465
178
1092.11
29.6397
179
919.049
24.943
180
918.853
24.9377
181
920.377
24.979
182
920.882
24.9927
183
922.041
25.0242
184
921.618
25.0127
185
922.181
25.028
186
921.723
25.0156
187
922.147
25.0271
188
921.888
25.02
189
921.225
25.002
190
817.989
22.2002
191
683.593
18.5527
192
684.065
18.5655
193
684.128
18.5672
194
684.533
18.5782
195
684.131
18.5673
196
685.338
18.6001
197
685.432
18.6026
198
685.545
18.6057
199
686.005
18.6182
200
686.309
18.6264
201
686.001
18.6181
202
619.355
16.8093
203
600.417
16.2953
204
540.052
14.657
205
519.002
14.0857
206
519.476
14.0986
207
520.047
14.1141
208
519.359
14.0954
209
520.265
14.12
210
519.627
14.1027
211
520.599
14.1291
212
521.21
14.1456
213
520.53
14.1272
214
502.908
13.6489
215
452.894
12.2916
216
390.011
10.5849
217
388.044
10.5315
218
388.574
10.5459
219
388.213
10.5361
220
387.748
10.5235
221
388.114
10.5334
222
387.601
10.5195
223
386.934
10.5014
224
387.119
10.5064
225
386.816
10.4982
226
387.17
10.5078
227
348.337
9.45386
228
285.846
7.75786
229
263.247
7.14453
230
245.03
6.65011
231
236.302
6.41323
232
232.579
6.31219
233
233.418
6.33497
234
233.185
6.32865
235
233.882
6.34756
236
233.978
6.35015
237
233.87
6.34723
238
234.332
6.35978
239
234.612
6.36736
240
775.867
21.057
241
1110.19
30.1304
242
1114.25
30.2408
243
1113.03
30.2075
244
1112.91
30.2043
245
1082.77
29.3864
246
1069.4
29.0235
247
1062.77
28.8437
248
1113.15
30.2109
249
1108.11
30.0741
250
1106.99
30.0437
251
978.29
26.5508
252
1106.93
30.0421
254
1102.84
29.9311
255
1101.76
29.9017
256
1102.14
29.912
257
1101.2
29.8866
258
1100.85
29.8771
259
1099.09
29.8293
260
1100.4
29.8647
261
1100.99
29.8808
262
1099.81
29.8487
263
1099.11
29.8298
264
1100.21
29.8598
265
1099.87
29.8504
266
1100.59
29.8701
267
1099.74
29.8469
268
1099.05
29.8282
269
1099.01
29.8271
270
1098.44
29.8117
271
1099.09
29.8293
272
1098.5
29.8134
273
1098.67
29.818
274
1096.75
29.7659
275
1097.22
29.7784
276
1097.4
29.7836
277
1095.75
29.7386
278
1094.86
29.7146
279
1093.66
29.6818
280
1093.71
29.6832
281
1093.86
29.6875
282
1092.98
29.6634
283
1092.64
29.6543
284
1091.51
29.6237
285
1091
29.6099
286
1091.77
29.6305
287
1091.5
29.6233
288
1088.33
29.5373
289
1088.14
29.5322
290
1088.64
29.5456
291
1088.32
29.5371
292
1087.35
29.5106
293
1086.95
29.4999
294
1086.73
29.4937
295
1085.3
29.455
296
1086.76
29.4947
297
1086.3
29.4821
298
1086.29
29.4819
299
1084.69
29.4384
300
1083.1
29.3953
301
1083.89
29.4168
302
1084.72
29.4392
303
1083
29.3927
304
1084.23
29.4259
305
1083.23
29.3989
306
1079.35
29.2936
307
1075.86
29.1989
308
1076.34
29.2118
309
1077.92
29.2548
310
1076.3
29.2108
311
1079.7
29.303
312
1077.5
29.2435
313
1078.55
29.2719
314
1077.48
29.2427
315
1078.19
29.262
316
1076.26
29.2096
317
1075.64
29.1929
318
1075.92
29.2006
319
1075.78
29.1966
320
1074.04
29.1494
321
355.135
9.63838
322
155.355
4.21633
323
124.458
3.37778
324
123.431
3.34992
325
123.659
3.3561
326
123.873
3.36191
327
123.384
3.34863
328
122.976
3.33758
329
123.277
3.34574
330
123.357
3.34792
331
123.837
3.36094
332
124.318
3.374
333
114.661
3.1119
334
95.5414
2.59299
335
59.154
1.60544
336
39.9095
1.08314
337
29.7684
0.807914
338
27.2276
0.738957
339
27.3449
0.74214
340
27.3963
0.743536
341
27.406
0.743798
342
27.3791
0.743069
343
27.3996
0.743626
344
27.4675
0.745468
345
27.4039
0.743742
346
27.4273
0.744377
347
27.4082
0.743859
348
27.4449
0.744854
349
27.4016
0.743679
350
27.5025
0.746418
351
27.4265
0.744356
352
27.3895
0.743352
353
27.3495
0.742267
354
27.2548
0.739696
355
27.3871
0.743285
356
27.51
0.746623
357
27.4221
0.744235
358
27.3517
0.742325
359
27.4233
0.744269
360
27.4753
0.74568
361
27.4437
0.744822
362
27.5356
0.747315
363
27.5956
0.748944
364
27.5068
0.746534
365
30.5149
0.828175
366
895.873
24.314
367
1001.81
27.1892
368
1018.92
27.6536
369
1019.05
27.6569
370
1018.6
27.6448
371
974.905
26.4589
372
1003.47
27.2341
373
961.6
26.0978
374
1026.02
27.8462
375
1015.95
27.5729
376
1015.46
27.5597
377
1022.22
27.7431
378
1016.17
27.5789
379
1015.33
27.5561
380
1018.11
27.6315
381
1018.09
27.631
382
1017.66
27.6192
383
1017.75
27.6218
384
1016.18
27.579
385
1015.65
27.5647
386
1016.14
27.5782
387
1015.08
27.5493
388
1014.54
27.5347
389
1014.2
27.5253
390
1015.12
27.5504
391
1015.4
27.558
392
1015.18
27.5521
393
1015.43
27.5589
394
1015.61
27.5638
395
1015.5
27.5607
396
1014.94
27.5456
397
1014.25
27.5267
398
1013.3
27.5009
399
1013.21
27.4986
400
1013.01
27.4931
401
1012.67
27.4838
