1
1225.62756416
2
1404.38907544
3
1404.00443663
4
1404.12185951
5
1402.39492193
6
1401.35415744
7
1401.26551045
8
1401.51719896
9
1400.66749942
10
1401.0640652
11
1398.3061195
12
1398.21208961
13
1397.40336261
14
1397.19998511
15
1397.03681333
16
1396.16731284
17
1393.75379746
18
1393.14893278
19
1392.24665792
20
1391.02702724
21
1389.85663301
22
1388.95353931
23
1388.46815978
24
1388.23096277
25
1386.56410422
26
1385.25663044
27
1383.72859836
28
1383.69665019
29
1382.81602855
30
1382.06782424
31
1381.16060137
32
1378.62897897
33
1379.18419678
34
1377.32273695
35
1377.77138291
36
1376.76046846
37
1375.19941046
38
1375.18983432
39
1373.43540984
40
1373.27353812
41
1371.69330245
42
1370.88647507
43
1369.52332558
44
1368.15113029
45
1367.92161825
46
1366.85487382
47
1366.18398229
48
1364.38518248
49
1363.50800245
50
1363.51690316
51
1363.39641406
52
1362.08966072
53
1359.5545431
54
1358.78131705
55
1359.21588278
56
1357.09837589
57
1356.23698855
58
1355.07814761
59
1354.30795214
60
1355.94114801
61
1355.1856859
62
1352.82592985
63
1351.32887555
64
1349.52182129
65
1349.07108932
66
1348.37474641
67
1347.68423994
68
1346.37014558
69
1346.07213928
70
1343.74518637
71
1344.43654656
72
1342.9496974
73
1341.39067994
74
1339.4131629
75
1339.63826639
76
1338.53930303
77
1341.6507522
78
1340.15424261
79
1339.00597464
80
1336.71988159
81
1336.06306694
82
1336.21288148
83
1337.09936022
84
1337.54232159
85
1334.48082354
86
1334.38548976
87
1334.25688185
88
1334.90611288
89
1334.79578414
90
1333.82756078
91
1333.66568973
92
1333.7617389
93
1333.65685357
94
1333.83463803
95
1333.52378196
96
1332.03130157
97
1331.96792095
98
1330.73570767
99
1330.28482863
100
1328.95400768
101
1329.1744619
102
1328.08157781
103
1326.52973532
104
1325.53726838
105
1324.90006572
106
1322.8947629
107
1322.57635597
108
1321.26117407
109
1321.16768543
110
1320.43772376
111
1319.11566455
112
1317.73273053
113
1316.77471031
114
1315.76925461
115
1314.13669978
116
1312.74317408
117
1313.53012856
118
1312.12533838
119
1311.04574401
120
1310.95621363
121
1310.51540212
122
1309.25994048
123
1310.09954189
124
1308.44439572
125
1308.90289955
126
1306.97882982
127
1308.97222136
128
1307.9269266
129
1308.28443398
130
1308.2511382
131
1306.9453414
132
1306.24805864
133
1306.38435504
134
1305.80317566
135
1303.21962063
136
1302.55301325
137
1303.21507394
138
1302.23107544
139
1301.32901755
140
1299.09542114
141
1298.37946547
142
1300.62011307
143
1300.14812683
144
1297.6611578
145
1296.44263579
146
1295.04820719
147
1295.66074426
148
1294.75320738
149
1293.34970508
150
1293.49196725
151
1292.98526728
152
1292.44631551
153
1291.18927051
154
1289.54157974
155
1288.3516815
156
1288.68440892
157
1287.85402314
158
1288.48782736
159
1286.70409213
160
1285.6632721
161
1282.89006354
162
1281.9542006
163
1281.55725691
164
1282.94197395
165
1280.98063772
166
1168.15975176
168
194.926642724
171
76.8359640117
172
1262.41683103
173
1274.12168686
174
1273.97329385
175
1273.2222497
176
1271.4542318
177
1271.28310823
178
1186.60131907
179
978.263727405
180
978.029497046
181
979.855358755
182
980.460138447
183
981.849053118
184
981.341959055
185
982.016531324
186
981.468111558
187
981.975387542
188
981.665150811
189
980.870646688
190
857.901685044
191
700.83770278
192
701.38137245
193
701.454776527
194
701.921689738
195
701.458140666
196
702.849330216
197
702.957993392
198
703.08723241
199
703.618704596
200
703.969115935
201
703.613991251
202
627.392707155
203
605.975628807
204
538.48664254
205
515.245869363
206
515.767002234
207
516.395900436
208
515.638534899
209
516.635928667
210
515.933719751
211
517.003524628
212
517.676049785
213
516.926981036
214
497.583006406
215
443.308582952
216
376.443964954
217
374.378162199
218
374.935460346
219
374.55566967
220
374.067527179
221
374.452360349
222
373.913905233
223
373.213679754
224
373.40760551
225
373.089355158
226
373.460781614
227
333.017592002
228
269.275942163
229
246.642454593
230
228.560934858
231
219.95018024
232
216.287565907
233
217.112640839
234
216.883777508
235
217.568971063
236
217.662763653
237
217.557105748
238
218.011745241
239
218.286601417
240
808.244335724
241
1208.40848821
242
1213.31247153
243
1211.83314178
244
1211.69050356
245
1175.3416446
246
1159.20748594
247
1151.21487928
248
1211.98495502
249
1205.90622887
250
1204.55455918
251
1049.39577474
252
1204.48407004
254
1199.54921913
255
1198.24279691
256
1198.69970846
257
1197.57488058
258
1197.14903725
259
1195.02822738
260
1196.60053531
261
1197.31563538
262
1195.88896382
263
1195.04973452
264
1196.38267723
265
1195.96403702
266
1196.84005335
267
1195.81060451
268
1194.97785438
269
1194.92886832
270
1194.24214755
271
1195.02704578
272
1194.3187497
273
1194.522038
274
1192.20743055
275
1192.76548326
276
1192.99340337
277
1190.99428077
278
1189.92768772
279
1188.47259712
280
1188.53113848
281
1188.72330484
282
1187.65300495
283
1187.24696278
284
1185.88654744
285
1185.27326042
286
1186.19114507
287
1185.87093687
288
1182.04671515
289
1181.82013967
290
1182.41576998
291
1182.03995919
292
1180.86046668
293
1180.38599352
294
1180.110629
295
1178.39089668
296
1180.15570013
297
1179.59510994
298
1179.58460168
299
1177.64950354
300
1175.73721919
301
1176.69211766
302
1177.68894276
303
1175.61795845
304
1177.09696177
305
1175.89373059
306
1171.21663492
307
1167.00549493
308
1167.57814653
309
1169.49145897
310
1167.53488292
311
1171.63245638
312
1168.98651275
313
1170.24823443
314
1168.95188345
315
1169.81139366
316
1167.48299364
317
1166.73688263
318
1167.07884054
319
1166.90515523
320
1164.80408194
321
340.052694133
322
141.725026401
323
112.653145942
324
111.694683808
325
111.907344329
326
112.106970529
327
111.650464409
328
111.270391645
329
111.550853109
330
111.625958671
331
112.073679515
332
112.523079508
333
103.526850638
334
85.8422824476
335
52.6518198929
336
35.345253266
337
26.2942563276
338
24.0340205553
339
24.1382917349
340
24.1840078422
341
24.1925791015
342
24.168708979
343
24.186950219
344
24.2473103759
345
24.190764349
346
24.2115573772
347
24.1945897662
348
24.2271840709
349
24.1886786207
350
24.2784111552
351
24.2108820492
352
24.1779722104
353
24.1424260662
354
24.0582112798
355
24.1757898351
356
24.2851211406
357
24.2069138805
358
24.1443498452
359
24.2080124256
360
24.2542507247
361
24.2261244789
362
24.3078175662
363
24.3611607844
364
24.2822108093
365
26.9589293101
366
950.535067423
367
1077.71502354
368
1098.33123138
369
1098.47987527
370
1097.94293974
371
1045.32237696
372
1079.70849655
373
1029.32426255
374
1106.88908759
375
1094.74839603
376
1094.16316858
377
1102.30902798
378
1095.01402553
379
1094.00285824
380
1097.35287427
381
1097.33021274
382
1096.80627775
383
1096.9220233
384
1095.02070724
385
1094.38348408
386
1094.9833969
387
1093.69895232
388
1093.05246255
389
1092.63698656
390
1093.75030936
391
1094.08810504
392
1093.82420573
393
1094.12626695
394
1094.34428125
395
1094.20792399
396
1093.53479396
397
1092.69743131
398
1091.55009985
399
1091.44811668
400
1091.20677794
401
1090.79163318
