
49.7862
1840.28
67.8902
51.5966
9.95723
5.43122
119.487
184.661
668.945
82.3735

65.582
1942.75
98.8482
46.5727
14.2569
6.65324
129.263
219.557
739.46
80.7894

55.1269
1419.99
78.8885
51.325
9.50463
9.50463
117.857
153.025
603.544
60.8297

38.0185
1320.19
84.5912
39.9195
10.4551
6.65324
86.4922
154.926
623.504
61.7801

60.8297
1327.8
76.0371
36.1176
15.2074
4.75232
101.7
154.926
667.225
66.5324

57.9783
1224.2
88.3931
41.8204
9.50463
2.85139
86.4922
118.808
642.513
59.8792

69.3838
1053.11
56.0773
30.4148
10.4551
6.65324
87.4426
122.61
572.179
69.3838

53.7218
903.353
61.1602
31.4066
11.5709
7.43841
61.1602
102.485
589.287
59.5073

57.0278
773.043
76.0371
53.8596
12.6728
0
63.3642
139.401
567.11
76.0371

36.2904
77.7652
58.7559
34.5623
6.91246
0
8.64058
15.553
452.766
57.0278

24.1936
5.18435
48.3872
17.2812
3.45623
0
1.72812
6.91246
357.72
38.0185

12.0968
1.72812
24.1936
10.3687
0
0
1.72812
5.18435
257.489
12.0968

15.553
3.45623
31.1061
5.18435
1.72812
1.72812
1.72812
3.45623
176.268
10.3687

9.50463
0
11.4056
3.80185
0
0
1.90093
0
134.966
9.50463

28.5139
608.297
38.0185
42.7708
4.75232
0
33.2662
61.7801
494.241
23.7616

25.3457
506.914
57.0278
50.6914
0
6.33642
44.355
50.6914
589.287
50.6914

43.7213
510.399
54.1764
26.613
9.50463
4.75232
41.8204
68.4334
542.715
69.3838

42.7708
454.321
65.582
33.2662
4.75232
1.90093
34.2167
72.2352
506.597
53.2259

57.0278
407.749
56.0773
32.3158
9.50463
2.85139
38.969
65.582
518.953
58.9287

46.1654
372.038
67.8902
32.5873
5.43122
0
35.3029
54.3122
521.397
46.1654

5.18435
0
6.91246
0
0
0
0
0
65.6684
3.45623

0
1.18808
3.56424
1.18808
0
0
0
0
17.8212
1.18808

2.9245
0
2.9245
0
0
0
0
0
21.9338
0

46.6591
228.111
69.1246
27.6498
6.0484
0.864058
24.1936
37.1545
516.706
54.4356

45.3298
210.564
52.641
32.1695
13.1603
4.38675
33.6318
51.1788
460.609
55.5655

19.0093
1558.76
19.0093
28.5139
0
0
76.0371
180.588
465.727
114.056

41.083
700.23
56.3574
29.3997
7.61328
3.54329
52.7184
83.8419
473.508
49.4624

41.083
700.23
56.3574
29.3997
7.61328
3.54329
52.7184
83.8419
473.508
49.4624

19.0093
304.148
0
0
0
0
19.0093
38.0185
95.0463
57.0278

19.0093
304.148
0
0
0
0
19.0093
38.0185
95.0463
57.0278

41.083
700.23
56.3574
29.3997
7.61328
3.54329
52.7184
83.8419
473.508
49.4624

17482.1
297970
23981.9
12510.5
3239.69
1507.78
22433.4
35677.4
201493
21047.8

8089.05
129425
0
0
0
0
8089.05
16178.1
40445.2
24267.1

8089.05
129425
0
0
0
0
8089.05
16178.1
40445.2
24267.1

17482.1
297970
23981.9
12510.5
3239.69
1507.78
22433.4
35677.4
201493
21047.8

41.083
700.23
56.3574
29.3997
7.61328
3.54329
52.7184
83.8419
473.508
49.4624

19.0093
1558.76
19.0093
28.5139
0
0
76.0371
180.588
465.727
114.056

41.083
700.23
56.3574
29.3997
7.61328
3.54329
52.7184
83.8419
473.508
49.4624

41.083
700.23
56.3574
29.3997
7.61328
3.54329
52.7184
83.8419
473.508
49.4624

19.0093
304.148
0
0
0
0
19.0093
38.0185
95.0463
57.0278

19.0093
304.148
0
0
0
0
19.0093
38.0185
95.0463
57.0278

19.0093
304.148
0
0
0
0
19.0093
38.0185
95.0463
57.0278

19.0093
304.148
0
0
0
0
19.0093
38.0185
95.0463
57.0278

17482.1
297970
23981.9
12510.5
3239.69
1507.78
22433.4
35677.4
201493
21047.8

17482.1
297970
23981.9
12510.5
3239.69
1507.78
22433.4
35677.4
201493
21047.8

17482.1
297970
23981.9
12510.5
3239.69
1507.78
22433.4
35677.4
201493
21047.8

8089.05
663302
8089.05
12133.6
0
0
32356.2
76846
198182
48534.3

17482.1
297970
23981.9
12510.5
3239.69
1507.78
22433.4
35677.4
201493
21047.8

9437.22
525788
18874.4
16178.1
0
0
24267.1
55275.2
202226
33704.4

17482.1
297970
23981.9
12510.5
3239.69
1507.78
22433.4
35677.4
201493
21047.8
